0.0000    0.0000    1.0000
    0.0000    0.0000    1.0000
    0.0000    0.0000    1.0000
    0.0000    0.0000    1.0000
    0.0000    0.0000    1.0000
    0.0000    0.0000    1.0000
    0.0000    0.0000    1.0000
    0.0000    0.0000    1.0000
    0.0000    0.0000    1.0000
    0.0000    0.0000    1.0000
    0.0000    0.0000    1.0000
    0.0000    0.0000    1.0000
    0.0000    0.0000    1.0000
    0.0000    0.0000    1.0000
    0.0000    0.0000    1.0000
    0.0000    0.0000    1.0000
    0.0000    0.0000    1.0000
    0.0000    0.0000    1.0000
    0.0000    0.0000    1.0000
    0.0000    0.0000    1.0000
    0.0000    0.0000    1.0000
    0.0000    0.0000    1.0000
    0.0000    0.0000    1.0000
    0.0000    0.0000    1.0000
    0.0000    0.0000    1.0000
    0.0000    0.0000    1.0000
    0.0000    0.0000    1.0000
    0.0000    0.0000    1.0000
    0.0000    0.0000    1.0000
    0.0000    0.0000    1.0000
    0.0000    0.0000    1.0000
    0.0000    0.0000    1.0000
    0.0000    0.0000    1.0000
    0.0000    0.0000    1.0000
    0.0000    0.0000    1.0000
    0.0000    0.0000    1.0000
    0.0000    0.0000    1.0000
    0.0000    0.0000    1.0000
    0.0000    0.0000    1.0000
    0.0000    0.0000    1.0000
    0.0000    0.0000    1.0000
    0.0000    0.0000    1.0000
    0.0000    0.0000    1.0000
    0.0000    0.0000    1.0000
    0.0000    0.0000    1.0000
    0.0000    0.0000    1.0000
    0.0000    0.0000    1.0000
    0.0000    0.0000    1.0000
    0.0000    0.0000    1.0000
    0.0000    0.0000    1.0000
    0.9997    0.0003    0.0000
    0.9986    0.0014    0.0000
    0.9944    0.0056    0.0000
    0.9302    0.0698    0.0000
    0.9696    0.0304    0.0000
    0.9680    0.0320    0.0000
    0.9863    0.0137    0.0000
    0.9998    0.0002    0.0000
    0.9986    0.0014    0.0000
    0.9663    0.0337    0.0000
    0.9982    0.0018    0.0000
    0.9926    0.0074    0.0000
    0.9991    0.0009    0.0000
    0.9665    0.0335    0.0000
    0.9998    0.0002    0.0000
    0.9999    0.0001    0.0000
    0.9235    0.0765    0.0000
    0.9964    0.0036    0.0000
    0.0027    0.9973    0.0000
    0.9995    0.0005    0.0000
    0.0527    0.9473    0.0000
    0.9998    0.0002    0.0000
    0.0416    0.9584    0.0000
    0.9118    0.0882    0.0000
    0.9998    0.0002    0.0000
    0.9997    0.0003    0.0000
    0.9876    0.0124    0.0000
    0.3286    0.6714    0.0000
    0.9639    0.0361    0.0000
    1.0000    0.0000    0.0000
    0.9995    0.0005    0.0000
    0.9998    0.0002    0.0000
    0.9998    0.0002    0.0000
    0.0067    0.9933    0.0000
    0.8474    0.1526    0.0000
    0.9871    0.0129    0.0000
    0.9975    0.0025    0.0000
    0.9175    0.0825    0.0000
    0.9985    0.0015    0.0000
    0.9897    0.0103    0.0000
    0.9402    0.0598    0.0000
    0.9908    0.0092    0.0000
    0.9995    0.0005    0.0000
    0.9999    0.0001    0.0000
    0.9936    0.0064    0.0000
    0.9972    0.0028    0.0000
    0.9979    0.0021    0.0000
    0.9995    0.0005    0.0000
    0.9999    0.0001    0.0000
    0.9986    0.0014    0.0000
    0.0000    1.0000    0.0000
    0.0000    1.0000    0.0000
    0.0000    1.0000    0.0000
    0.0000    1.0000    0.0000
    0.0000    1.0000    0.0000
    0.0000    1.0000    0.0000
    0.0000    1.0000    0.0000
    0.0000    1.0000    0.0000
    0.0000    1.0000    0.0000
    0.0000    1.0000    0.0000
    0.0001    0.9999    0.0000
    0.0000    1.0000    0.0000
    0.0000    1.0000    0.0000
    0.0000    1.0000    0.0000
    0.0000    1.0000    0.0000
    0.0000    1.0000    0.0000
    0.0007    0.9993    0.0000
    0.0000    1.0000    0.0000
    0.0000    1.0000    0.0000
    0.0000    1.0000    0.0000
    0.0000    1.0000    0.0000
    0.0000    1.0000    0.0000
    0.0000    1.0000    0.0000
    0.0000    1.0000    0.0000
    0.0000    1.0000    0.0000
    0.0007    0.9993    0.0000
    0.0003    0.9997    0.0000
    0.0057    0.9943    0.0000
    0.0000    1.0000    0.0000
    0.0046    0.9954    0.0000
    0.0000    1.0000    0.0000
    0.0059    0.9941    0.0000
    0.0000    1.0000    0.0000
    0.2156    0.7844    0.0000
    0.0000    1.0000    0.0000
    0.0000    1.0000    0.0000
    0.0000    1.0000    0.0000
    0.0024    0.9976    0.0000
    0.0055    0.9945    0.0000
    0.0000    1.0000    0.0000
    0.0000    1.0000    0.0000
    0.0000    1.0000    0.0000
    0.0000    1.0000    0.0000
    0.0000    1.0000    0.0000
    0.0000    1.0000    0.0000
    0.0000    1.0000    0.0000
    0.0000    1.0000    0.0000
    0.0000    1.0000    0.0000
    0.0000    1.0000    0.0000
    0.0017    0.9983    0.0000